# VEHU DFNs with >=1 current med (from spike census), minus junk patient 100897, plus lab-rich 100881
100000
100001
100002
100003
100004
100005
100006
100007
100008
100009
100010
100011
100012
100013
100022
100041
100151
100157
100163
100289
100612
100712
100716
100717
100726
100798
100801
100839
100855
100863
100882
100886
100898
100906
101065
101066
101067
101068
101069
101070
101071
101072
101073
101074
101075
140
146
149
151
168
204
205
217
218
224
228
229
231
236
237
240
25
260
267
271
3
301
347
350
366
384
391
407
419
420
428
433
442
520
569
600
620
69
692
706
715
722
723
724
728
737
744
745
746
747
748
749
750
751
752
753
754
755
775
776
777
778
779
780
100881
